[gd_scene load_steps=6 format=2]

[ext_resource path="res://scenes/Player.tscn" type="PackedScene" id=1]
[ext_resource path="res://scenes/trees/Tree1.tscn" type="PackedScene" id=2]
[ext_resource path="res://scenes/trees/Tree2.tscn" type="PackedScene" id=3]
[ext_resource path="res://scenes/trees/Tree3.tscn" type="PackedScene" id=4]
[ext_resource path="res://scenes/trees/Tree4.tscn" type="PackedScene" id=5]

[node name="Arena" type="Spatial"]

[node name="Trees" type="Spatial" parent="."]

[node name="Spatial4" parent="Trees" instance=ExtResource( 4 )]
transform = Transform( -0.495762, 0, -0.868458, 0, 1, 0, 0.868458, 0, -0.495762, -17.9729, 0, -11.5524 )

[node name="Spatial3" parent="Trees" instance=ExtResource( 2 )]
transform = Transform( 0.752173, 0, -0.658965, 0, 1, 0, 0.658965, 0, 0.752173, -13.5713, 0, 0 )

[node name="Spatial2" parent="Trees" instance=ExtResource( 3 )]
transform = Transform( 0.668196, 0, -0.743985, 0, 1, 0, 0.743985, 0, 0.668196, 0, 0, -2.2344 )

[node name="Spatial" parent="Trees" instance=ExtResource( 2 )]
transform = Transform( 1, 0, 0, 0, 1, 0, 0, 0, 1, 5.55083, 0, -15.622 )

[node name="Spatial5" parent="Trees" instance=ExtResource( 4 )]
transform = Transform( 1, 0, 0, 0, 1, 0, 0, 0, 1, 0, 0, -26.5883 )

[node name="Spatial6" parent="Trees" instance=ExtResource( 5 )]
transform = Transform( 1, 0, 0, 0, 1, 0, 0, 0, 1, -14.1617, 0, 8.95688 )

[node name="Spatial7" parent="Trees" instance=ExtResource( 5 )]
transform = Transform( 1, 0, 0, 0, 1, 0, 0, 0, 1, 0, 0, -10.6833 )

[node name="Floor" type="CSGBox" parent="."]
transform = Transform( 1, 0, 0, 0, 1, 0, 0, 0, 1, -0.198329, 0, -0.709107 )
use_collision = true
width = 71.6217
height = 0.59
depth = 69.2424

[node name="Player" parent="." instance=ExtResource( 1 )]
transform = Transform( 1, 0, 0, 0, 1, 0, 0, 0, 1, -5.83299, 0, -18.1501 )

[node name="DirectionalLight" type="DirectionalLight" parent="."]
transform = Transform( -0.998686, 1.58117e-08, 0.0512553, 0.041914, 0.575576, 0.816673, -0.0295013, 0.817748, -0.57482, 0, 25.8216, -38.0685 )
light_color = Color( 0.929412, 0.909804, 0.772549, 1 )
light_energy = 0.294
light_indirect_energy = 1.139
light_specular = 0.778
shadow_enabled = true
